GPU memory occupied: 1153 MB.
GPU memory occupied: 1153 MB.
{'input_ids': tensor([[ 14374,  11738,   6119,  ..., 151643, 151643, 151643],
        [ 14374,  11738,   6119,  ...,    698,    532,  73594],
        [ 14374,  11738,   6119,  ..., 151643, 151643, 151643],
        ...,
        [ 14374,  11738,   6119,  ..., 151643, 151643, 151643],
        [ 14374,  11738,   6119,  ..., 151643, 151643, 151643],
        [ 14374,  11738,   6119,  ..., 151643, 151643, 151643]]), 'attention_mask': tensor([[1, 1, 1,  ..., 0, 0, 0],
        [1, 1, 1,  ..., 1, 1, 1],
        [1, 1, 1,  ..., 0, 0, 0],
        ...,
        [1, 1, 1,  ..., 0, 0, 0],
        [1, 1, 1,  ..., 0, 0, 0],
        [1, 1, 1,  ..., 0, 0, 0]])}
done
