0 - [926 166 988 243 471 227   0 419 361 728]]
3 - [925 164 418 931   3   2 646 611 733 464]]
7 - [577   7 975 129 450 472 604  82 179 965]]
8 - [752   8 275 967 195 575 176 795 338 354]]
14 - [797 956 501  14 526 708  27 855 395 195]]
21 - [ 89  21 972 437 272 186 354 345 647 967]]
22 - [591  22 203 660 811 146 903 817 225 728]]
25 - [542 960 320 142 787 753 803 259  25 728]]
32 - [ 63  32 643 451  73 296 576 727 602 520]]
33 - [489 354 221 967 407 272 254  33 918 248]]
39 - [ 24  39 805 345  94 342 305 443 943 288]]
42 - [ 51 370  42 286 184 438 194 373 264 268]]
44 - [584  44 268 554 958 520  29   7 129 231]]
49 - [567 553  49 956 308 245 299 797 437 776]]
51 - [286 805  51 946 288 820  41 233 370  43]]
55 - [896 488 418  55 110 415 668 665 644 923]]
65 - [796  65  24 309 805 829 967  39 543 272]]
66 - [203 753 801 616 562 978 903 803  66 418]]
70 - [758 958  70 314  51 268  43 867 544 731]]
80 - [334  80 526 548 735 797 660 760 503  14]]
82 - [577  82 604 926 781 270  26 281 264 779]]
84 - [838  84 435 268 604 577 962 831 198 967]]
89 - [352  89 575 337  28 238 281 826  93 186]]
98 - [666 972 915 647  89 661  98 994 829 646]]
105 - [332 105 509 981 842 775 986 488 811 418]]
109 - [272 354 967 109 589 345 275  58 571 584]]
110 - [896 923 665 110 644 415 668 583 842 670]]
111 - [529  26 111 264 438 379  79 985 253 339]]
119 - [335 119 923 896 668 670 665 397 644 415]]
128 - [135 128 121 371 637 868 375 993 987 619]]
129 - [547 965 129 493   7 184 592 882 144 304]]
130 - [625 870 123 281 425  94 326 130  39  24]]
135 - [361 402 930 976 371  86 135 416 375 243]]
137 - [118 397 137 418 892 204 693   9 665 896]]
142 - [753 754 728 174 249 926 142 160  50 637]]
143 - [427 329 581 143 430 163 491 647 650 983]]
144 - [304 791 229 144 493 930 431 166 730 247]]
146 - [118 611 146 488 418  94 345 137 896 164]]
148 - [897 148 361 236 572 351 639 648 417 904]]
157 - [597 806 658 774 565 676 202 754 157 704]]
170 - [ 88 170 578 616 854 207 777 736 225 361]]
178 - [854 178 801 772 490 806 718 444 161 740]]
179 - [577 179 604 779 648 350 669 735 249 107]]
184 - [275 575 967 101 184 547 642 965  24 129]]
189 - [611 416 689 361 204 189 694 485 753 700]]
193 - [775 193 551 811 332 819 637 243 418  69]]
202 - [207 658 161 806 676 202 214 490 754 772]]
204 - [700 459 204 483 611 903 693 164 925 146]]
221 - [738 221 354 963 647 312 192 571 972 272]]
248 - [584 268 344 831 958 576 129 495 999 248]]
249 - [570 158 249  50 962 183 688 168 306 676]]
